function T=TransX(L)
T = [1 0 0 L ; 0 1 0 0 ; 0 0 1 0 ; 0 0 0 1];